x-axis;1;2
second;Volt;Volt
-500,000E-03;-178,125E-03;+898,047E-03
-499,000E-03;-177,148E-03;+900,977E-03
-498,000E-03;-180,078E-03;+879,492E-03
-497,000E-03;-186,914E-03;+885,352E-03
-496,000E-03;-197,656E-03;+880,469E-03
-495,000E-03;-211,328E-03;+879,492E-03
-494,000E-03;-228,906E-03;+879,492E-03
-493,000E-03;-250,391E-03;+875,586E-03
-492,000E-03;-274,805E-03;+874,609E-03
-491,000E-03;-303,125E-03;+874,609E-03
-490,000E-03;-333,398E-03;+878,516E-03
-489,000E-03;-364,648E-03;+873,633E-03
-488,000E-03;-396,875E-03;+887,305E-03
-487,000E-03;-429,102E-03;+897,070E-03
-486,000E-03;-461,328E-03;+900,000E-03
-485,000E-03;-495,508E-03;+902,930E-03
-484,000E-03;-527,734E-03;+916,602E-03
-483,000E-03;-558,984E-03;+912,695E-03
-482,000E-03;-588,281E-03;+927,344E-03
-481,000E-03;-615,625E-03;+930,273E-03
-480,000E-03;-639,063E-03;+934,180E-03
-479,000E-03;-659,570E-03;+937,109E-03
-478,000E-03;-677,148E-03;+950,781E-03
-477,000E-03;-691,797E-03;+941,992E-03
-476,000E-03;-702,539E-03;+948,828E-03
-475,000E-03;-708,398E-03;+956,641E-03
-474,000E-03;-710,352E-03;+956,641E-03
-473,000E-03;-708,398E-03;+964,453E-03
-472,000E-03;-701,563E-03;+980,078E-03
-471,000E-03;-691,797E-03;+964,453E-03
-470,000E-03;-676,172E-03;+978,125E-03
-469,000E-03;-658,594E-03;+982,031E-03
-468,000E-03;-636,133E-03;+958,594E-03
-467,000E-03;-611,719E-03;+962,500E-03
-466,000E-03;-584,375E-03;+959,570E-03
-465,000E-03;-555,078E-03;+967,383E-03
-464,000E-03;-524,805E-03;+966,406E-03
-463,000E-03;-492,578E-03;+960,547E-03
-462,000E-03;-459,375E-03;+958,594E-03
-461,000E-03;-425,195E-03;+950,781E-03
-460,000E-03;-391,992E-03;+944,922E-03
-459,000E-03;-359,766E-03;+936,133E-03
-458,000E-03;-328,516E-03;+935,156E-03
-457,000E-03;-299,219E-03;+931,250E-03
-456,000E-03;-273,828E-03;+930,273E-03
-455,000E-03;-249,414E-03;+923,437E-03
-454,000E-03;-227,930E-03;+923,437E-03
-453,000E-03;-210,352E-03;+913,672E-03
-452,000E-03;-194,727E-03;+908,789E-03
-451,000E-03;-184,961E-03;+903,906E-03
-450,000E-03;-179,102E-03;+903,906E-03
-449,000E-03;-178,125E-03;+893,164E-03
-448,000E-03;-180,078E-03;+889,258E-03
-447,000E-03;-186,914E-03;+883,398E-03
-446,000E-03;-196,680E-03;+876,562E-03
-445,000E-03;-211,328E-03;+876,562E-03
-444,000E-03;-228,906E-03;+875,586E-03
-443,000E-03;-250,391E-03;+868,750E-03
-442,000E-03;-274,805E-03;+873,633E-03
-441,000E-03;-303,125E-03;+873,633E-03
-440,000E-03;-332,422E-03;+877,539E-03
-439,000E-03;-364,648E-03;+878,516E-03
-438,000E-03;-396,875E-03;+883,398E-03
-437,000E-03;-430,078E-03;+884,375E-03
-436,000E-03;-462,305E-03;+894,141E-03
-435,000E-03;-495,508E-03;+900,000E-03
-434,000E-03;-527,734E-03;+904,883E-03
-433,000E-03;-558,984E-03;+907,812E-03
-432,000E-03;-588,281E-03;+921,484E-03
-431,000E-03;-616,602E-03;+932,227E-03
-430,000E-03;-640,039E-03;+924,414E-03
-429,000E-03;-660,547E-03;+948,828E-03
-428,000E-03;-678,125E-03;+948,828E-03
-427,000E-03;-691,797E-03;+950,781E-03
-426,000E-03;-702,539E-03;+948,828E-03
-425,000E-03;-708,398E-03;+956,641E-03
-424,000E-03;-710,352E-03;+962,500E-03
-423,000E-03;-708,398E-03;+965,430E-03
-422,000E-03;-701,563E-03;+968,359E-03
-421,000E-03;-690,820E-03;+972,266E-03
-420,000E-03;-676,172E-03;+972,266E-03
-419,000E-03;-658,594E-03;+968,359E-03
-418,000E-03;-637,109E-03;+968,359E-03
-417,000E-03;-611,719E-03;+959,570E-03
-416,000E-03;-585,352E-03;+966,406E-03
-415,000E-03;-556,055E-03;+965,430E-03
-414,000E-03;-524,805E-03;+959,570E-03
-413,000E-03;-493,555E-03;+961,523E-03
-412,000E-03;-460,352E-03;+956,641E-03
-411,000E-03;-426,172E-03;+946,875E-03
-410,000E-03;-391,992E-03;+944,922E-03
-409,000E-03;-360,742E-03;+943,945E-03
-408,000E-03;-328,516E-03;+933,203E-03
-407,000E-03;-299,219E-03;+931,250E-03
-406,000E-03;-273,828E-03;+929,297E-03
-405,000E-03;-249,414E-03;+921,484E-03
-404,000E-03;-227,930E-03;+921,484E-03
-403,000E-03;-210,352E-03;+906,836E-03
-402,000E-03;-194,727E-03;+904,883E-03
-401,000E-03;-183,984E-03;+901,953E-03
-400,000E-03;-179,102E-03;+895,117E-03
-399,000E-03;-177,148E-03;+895,117E-03
-398,000E-03;-180,078E-03;+888,281E-03
-397,000E-03;-186,914E-03;+890,234E-03
-396,000E-03;-197,656E-03;+879,492E-03
-395,000E-03;-211,328E-03;+883,398E-03
-394,000E-03;-228,906E-03;+874,609E-03
-393,000E-03;-250,391E-03;+872,656E-03
-392,000E-03;-274,805E-03;+871,680E-03
-391,000E-03;-304,102E-03;+875,586E-03
-390,000E-03;-333,398E-03;+878,516E-03
-389,000E-03;-364,648E-03;+890,234E-03
-388,000E-03;-396,875E-03;+884,375E-03
-387,000E-03;-430,078E-03;+897,070E-03
-386,000E-03;-462,305E-03;+890,234E-03
-385,000E-03;-495,508E-03;+906,836E-03
-384,000E-03;-527,734E-03;+902,930E-03
-383,000E-03;-558,984E-03;+923,437E-03
-382,000E-03;-588,281E-03;+915,625E-03
-381,000E-03;-615,625E-03;+921,484E-03
-380,000E-03;-639,063E-03;+940,039E-03
-379,000E-03;-660,547E-03;+948,828E-03
-378,000E-03;-677,148E-03;+946,875E-03
-377,000E-03;-691,797E-03;+950,781E-03
-376,000E-03;-702,539E-03;+949,805E-03
-375,000E-03;-708,398E-03;+955,664E-03
-374,000E-03;-711,328E-03;+955,664E-03
-373,000E-03;-708,398E-03;+963,477E-03
-372,000E-03;-701,563E-03;+969,336E-03
-371,000E-03;-691,797E-03;+977,148E-03
-370,000E-03;-677,148E-03;+969,336E-03
-369,000E-03;-658,594E-03;+975,195E-03
-368,000E-03;-637,109E-03;+969,336E-03
-367,000E-03;-611,719E-03;+962,500E-03
-366,000E-03;-585,352E-03;+964,453E-03
-365,000E-03;-556,055E-03;+956,641E-03
-364,000E-03;-524,805E-03;+962,500E-03
-363,000E-03;-492,578E-03;+966,406E-03
-362,000E-03;-459,375E-03;+958,594E-03
-361,000E-03;-426,172E-03;+954,687E-03
-360,000E-03;-391,992E-03;+939,062E-03
-359,000E-03;-359,766E-03;+936,133E-03
-358,000E-03;-328,516E-03;+934,180E-03
-357,000E-03;-299,219E-03;+934,180E-03
-356,000E-03;-273,828E-03;+928,320E-03
-355,000E-03;-249,414E-03;+926,367E-03
-354,000E-03;-227,930E-03;+918,555E-03
-353,000E-03;-210,352E-03;+912,695E-03
-352,000E-03;-194,727E-03;+908,789E-03
-351,000E-03;-184,961E-03;+897,070E-03
-350,000E-03;-179,102E-03;+897,070E-03
-349,000E-03;-178,125E-03;+890,234E-03
-348,000E-03;-181,055E-03;+895,117E-03
-347,000E-03;-187,891E-03;+882,422E-03
-346,000E-03;-197,656E-03;+882,422E-03
-345,000E-03;-211,328E-03;+877,539E-03
-344,000E-03;-228,906E-03;+869,727E-03
-343,000E-03;-250,391E-03;+874,609E-03
-342,000E-03;-274,805E-03;+877,539E-03
-341,000E-03;-303,125E-03;+879,492E-03
-340,000E-03;-333,398E-03;+875,586E-03
-339,000E-03;-364,648E-03;+883,398E-03
-338,000E-03;-396,875E-03;+882,422E-03
-337,000E-03;-430,078E-03;+891,211E-03
-336,000E-03;-462,305E-03;+902,930E-03
-335,000E-03;-495,508E-03;+901,953E-03
-334,000E-03;-527,734E-03;+905,859E-03
-333,000E-03;-558,984E-03;+917,578E-03
-332,000E-03;-588,281E-03;+918,555E-03
-331,000E-03;-616,602E-03;+924,414E-03
-330,000E-03;-640,039E-03;+935,156E-03
-329,000E-03;-660,547E-03;+944,922E-03
-328,000E-03;-678,125E-03;+949,805E-03
-327,000E-03;-691,797E-03;+949,805E-03
-326,000E-03;-702,539E-03;+947,852E-03
-325,000E-03;-708,398E-03;+961,523E-03
-324,000E-03;-711,328E-03;+958,594E-03
-323,000E-03;-708,398E-03;+964,453E-03
-322,000E-03;-701,563E-03;+968,359E-03
-321,000E-03;-690,820E-03;+971,289E-03
-320,000E-03;-676,172E-03;+976,172E-03
-319,000E-03;-658,594E-03;+967,383E-03
-318,000E-03;-637,109E-03;+970,312E-03
-317,000E-03;-611,719E-03;+964,453E-03
-316,000E-03;-585,352E-03;+960,547E-03
-315,000E-03;-556,055E-03;+968,359E-03
-314,000E-03;-524,805E-03;+960,547E-03
-313,000E-03;-492,578E-03;+955,664E-03
-312,000E-03;-459,375E-03;+953,711E-03
-311,000E-03;-426,172E-03;+951,758E-03
-310,000E-03;-392,969E-03;+942,969E-03
-309,000E-03;-360,742E-03;+948,828E-03
-308,000E-03;-328,516E-03;+933,203E-03
-307,000E-03;-299,219E-03;+936,133E-03
-306,000E-03;-272,852E-03;+930,273E-03
-305,000E-03;-249,414E-03;+922,461E-03
-304,000E-03;-227,930E-03;+915,625E-03
-303,000E-03;-210,352E-03;+917,578E-03
-302,000E-03;-194,727E-03;+905,859E-03
-301,000E-03;-183,984E-03;+904,883E-03
-300,000E-03;-179,102E-03;+896,094E-03
-299,000E-03;-177,148E-03;+889,258E-03
-298,000E-03;-180,078E-03;+894,141E-03
-297,000E-03;-186,914E-03;+882,422E-03
-296,000E-03;-197,656E-03;+883,398E-03
-295,000E-03;-211,328E-03;+876,562E-03
-294,000E-03;-229,883E-03;+876,562E-03
-293,000E-03;-250,391E-03;+868,750E-03
-292,000E-03;-275,781E-03;+870,703E-03
-291,000E-03;-304,102E-03;+871,680E-03
-290,000E-03;-333,398E-03;+877,539E-03
-289,000E-03;-364,648E-03;+877,539E-03
-288,000E-03;-396,875E-03;+886,328E-03
-287,000E-03;-430,078E-03;+894,141E-03
-286,000E-03;-461,328E-03;+896,094E-03
-285,000E-03;-495,508E-03;+907,812E-03
-284,000E-03;-527,734E-03;+910,742E-03
-283,000E-03;-558,984E-03;+924,414E-03
-282,000E-03;-588,281E-03;+924,414E-03
-281,000E-03;-615,625E-03;+931,250E-03
-280,000E-03;-639,063E-03;+937,109E-03
-279,000E-03;-660,547E-03;+937,109E-03
-278,000E-03;-678,125E-03;+943,945E-03
-277,000E-03;-691,797E-03;+936,133E-03
-276,000E-03;-702,539E-03;+945,898E-03
-275,000E-03;-708,398E-03;+958,594E-03
-274,000E-03;-710,352E-03;+953,711E-03
-273,000E-03;-708,398E-03;+969,336E-03
-272,000E-03;-701,563E-03;+966,406E-03
-271,000E-03;-691,797E-03;+977,148E-03
-270,000E-03;-676,172E-03;+971,289E-03
-269,000E-03;-658,594E-03;+967,383E-03
-268,000E-03;-637,109E-03;+972,266E-03
-267,000E-03;-611,719E-03;+962,500E-03
-266,000E-03;-584,375E-03;+968,359E-03
-265,000E-03;-556,055E-03;+957,617E-03
-264,000E-03;-525,781E-03;+959,570E-03
-263,000E-03;-493,555E-03;+958,594E-03
-262,000E-03;-459,375E-03;+954,687E-03
-261,000E-03;-426,172E-03;+957,617E-03
-260,000E-03;-391,992E-03;+951,758E-03
-259,000E-03;-359,766E-03;+936,133E-03
-258,000E-03;-328,516E-03;+930,273E-03
-257,000E-03;-300,195E-03;+933,203E-03
-256,000E-03;-273,828E-03;+923,437E-03
-255,000E-03;-249,414E-03;+922,461E-03
-254,000E-03;-227,930E-03;+914,648E-03
-253,000E-03;-210,352E-03;+918,555E-03
-252,000E-03;-195,703E-03;+908,789E-03
-251,000E-03;-184,961E-03;+900,977E-03
-250,000E-03;-179,102E-03;+895,117E-03
-249,000E-03;-178,125E-03;+887,305E-03
-248,000E-03;-181,055E-03;+887,305E-03
-247,000E-03;-186,914E-03;+889,258E-03
-246,000E-03;-197,656E-03;+883,398E-03
-245,000E-03;-211,328E-03;+876,562E-03
-244,000E-03;-228,906E-03;+873,633E-03
-243,000E-03;-250,391E-03;+871,680E-03
-242,000E-03;-274,805E-03;+876,562E-03
-241,000E-03;-303,125E-03;+881,445E-03
-240,000E-03;-333,398E-03;+879,492E-03
-239,000E-03;-364,648E-03;+890,234E-03
-238,000E-03;-396,875E-03;+880,469E-03
-237,000E-03;-430,078E-03;+884,375E-03
-236,000E-03;-462,305E-03;+894,141E-03
-235,000E-03;-495,508E-03;+900,000E-03
-234,000E-03;-527,734E-03;+912,695E-03
-233,000E-03;-558,984E-03;+908,789E-03
-232,000E-03;-588,281E-03;+918,555E-03
-231,000E-03;-616,602E-03;+933,203E-03
-230,000E-03;-639,063E-03;+936,133E-03
-229,000E-03;-660,547E-03;+938,086E-03
-228,000E-03;-678,125E-03;+948,828E-03
-227,000E-03;-691,797E-03;+952,734E-03
-226,000E-03;-702,539E-03;+956,641E-03
-225,000E-03;-708,398E-03;+951,758E-03
-224,000E-03;-711,328E-03;+954,687E-03
-223,000E-03;-708,398E-03;+971,289E-03
-222,000E-03;-701,563E-03;+969,336E-03
-221,000E-03;-690,820E-03;+968,359E-03
-220,000E-03;-676,172E-03;+973,242E-03
-219,000E-03;-658,594E-03;+975,195E-03
-218,000E-03;-636,133E-03;+975,195E-03
-217,000E-03;-611,719E-03;+961,523E-03
-216,000E-03;-585,352E-03;+966,406E-03
-215,000E-03;-556,055E-03;+964,453E-03
-214,000E-03;-524,805E-03;+960,547E-03
-213,000E-03;-493,555E-03;+960,547E-03
-212,000E-03;-459,375E-03;+956,641E-03
-211,000E-03;-426,172E-03;+956,641E-03
-210,000E-03;-391,992E-03;+942,969E-03
-209,000E-03;-360,742E-03;+941,992E-03
-208,000E-03;-329,492E-03;+939,062E-03
-207,000E-03;-299,219E-03;+928,320E-03
-206,000E-03;-273,828E-03;+932,227E-03
-205,000E-03;-248,438E-03;+922,461E-03
-204,000E-03;-227,930E-03;+919,531E-03
-203,000E-03;-210,352E-03;+913,672E-03
-202,000E-03;-194,727E-03;+905,859E-03
-201,000E-03;-183,984E-03;+900,977E-03
-200,000E-03;-179,102E-03;+891,211E-03
-199,000E-03;-177,148E-03;+897,070E-03
-198,000E-03;-180,078E-03;+887,305E-03
-197,000E-03;-186,914E-03;+885,352E-03
-196,000E-03;-197,656E-03;+883,398E-03
-195,000E-03;-211,328E-03;+871,680E-03
-194,000E-03;-228,906E-03;+881,445E-03
-193,000E-03;-250,391E-03;+866,797E-03
-192,000E-03;-274,805E-03;+869,727E-03
-191,000E-03;-304,102E-03;+875,586E-03
-190,000E-03;-333,398E-03;+881,445E-03
-189,000E-03;-364,648E-03;+890,234E-03
-188,000E-03;-396,875E-03;+891,211E-03
-187,000E-03;-429,102E-03;+895,117E-03
-186,000E-03;-461,328E-03;+899,023E-03
-185,000E-03;-495,508E-03;+902,930E-03
-184,000E-03;-527,734E-03;+909,766E-03
-183,000E-03;-558,008E-03;+920,508E-03
-182,000E-03;-588,281E-03;+919,531E-03
-181,000E-03;-615,625E-03;+936,133E-03
-180,000E-03;-639,063E-03;+937,109E-03
-179,000E-03;-660,547E-03;+942,969E-03
-178,000E-03;-677,148E-03;+943,945E-03
-177,000E-03;-691,797E-03;+943,945E-03
-176,000E-03;-701,563E-03;+946,875E-03
-175,000E-03;-708,398E-03;+959,570E-03
-174,000E-03;-710,352E-03;+960,547E-03
-173,000E-03;-708,398E-03;+964,453E-03
-172,000E-03;-701,563E-03;+971,289E-03
-171,000E-03;-690,820E-03;+977,148E-03
-170,000E-03;-677,148E-03;+972,266E-03
-169,000E-03;-658,594E-03;+974,219E-03
-168,000E-03;-637,109E-03;+970,312E-03
-167,000E-03;-611,719E-03;+957,617E-03
-166,000E-03;-584,375E-03;+962,500E-03
-165,000E-03;-556,055E-03;+957,617E-03
-164,000E-03;-524,805E-03;+960,547E-03
-163,000E-03;-493,555E-03;+957,617E-03
-162,000E-03;-459,375E-03;+955,664E-03
-161,000E-03;-426,172E-03;+944,922E-03
-160,000E-03;-391,992E-03;+941,016E-03
-159,000E-03;-359,766E-03;+935,156E-03
-158,000E-03;-328,516E-03;+937,109E-03
-157,000E-03;-299,219E-03;+929,297E-03
-156,000E-03;-273,828E-03;+929,297E-03
-155,000E-03;-249,414E-03;+931,250E-03
-154,000E-03;-227,930E-03;+912,695E-03
-153,000E-03;-209,375E-03;+917,578E-03
-152,000E-03;-194,727E-03;+903,906E-03
-151,000E-03;-184,961E-03;+900,977E-03
-150,000E-03;-179,102E-03;+889,258E-03
-149,000E-03;-178,125E-03;+888,281E-03
-148,000E-03;-180,078E-03;+890,234E-03
-147,000E-03;-186,914E-03;+882,422E-03
-146,000E-03;-197,656E-03;+879,492E-03
-145,000E-03;-211,328E-03;+880,469E-03
-144,000E-03;-228,906E-03;+875,586E-03
-143,000E-03;-250,391E-03;+873,633E-03
-142,000E-03;-274,805E-03;+877,539E-03
-141,000E-03;-303,125E-03;+879,492E-03
-140,000E-03;-332,422E-03;+872,656E-03
-139,000E-03;-364,648E-03;+882,422E-03
-138,000E-03;-396,875E-03;+881,445E-03
-137,000E-03;-430,078E-03;+894,141E-03
-136,000E-03;-461,328E-03;+894,141E-03
-135,000E-03;-495,508E-03;+900,000E-03
-134,000E-03;-527,734E-03;+906,836E-03
-133,000E-03;-558,984E-03;+909,766E-03
-132,000E-03;-588,281E-03;+924,414E-03
-131,000E-03;-615,625E-03;+924,414E-03
-130,000E-03;-639,063E-03;+936,133E-03
-129,000E-03;-660,547E-03;+943,945E-03
-128,000E-03;-678,125E-03;+946,875E-03
-127,000E-03;-691,797E-03;+945,898E-03
-126,000E-03;-701,563E-03;+951,758E-03
-125,000E-03;-708,398E-03;+949,805E-03
-124,000E-03;-711,328E-03;+959,570E-03
-123,000E-03;-708,398E-03;+968,359E-03
-122,000E-03;-701,563E-03;+968,359E-03
-121,000E-03;-690,820E-03;+970,312E-03
-120,000E-03;-676,172E-03;+974,219E-03
-119,000E-03;-658,594E-03;+969,336E-03
-118,000E-03;-636,133E-03;+972,266E-03
-117,000E-03;-611,719E-03;+961,523E-03
-116,000E-03;-585,352E-03;+961,523E-03
-115,000E-03;-556,055E-03;+952,734E-03
-114,000E-03;-524,805E-03;+968,359E-03
-113,000E-03;-493,555E-03;+963,477E-03
-112,000E-03;-459,375E-03;+954,687E-03
-111,000E-03;-426,172E-03;+950,781E-03
-110,000E-03;-392,969E-03;+938,086E-03
-109,000E-03;-360,742E-03;+939,062E-03
-108,000E-03;-329,492E-03;+936,133E-03
-107,000E-03;-299,219E-03;+934,180E-03
-106,000E-03;-272,852E-03;+930,273E-03
-105,000E-03;-249,414E-03;+924,414E-03
-104,000E-03;-227,930E-03;+923,437E-03
-103,000E-03;-210,352E-03;+917,578E-03
-102,000E-03;-194,727E-03;+909,766E-03
-101,000E-03;-183,984E-03;+904,883E-03
-100,000E-03;-179,102E-03;+897,070E-03
-99,000E-03;-177,148E-03;+900,000E-03
-98,000E-03;-180,078E-03;+887,305E-03
-97,000E-03;-187,891E-03;+887,305E-03
-96,000E-03;-197,656E-03;+880,469E-03
-95,000E-03;-211,328E-03;+876,562E-03
-94,000E-03;-228,906E-03;+880,469E-03
-93,000E-03;-250,391E-03;+876,562E-03
-92,000E-03;-274,805E-03;+871,680E-03
-91,000E-03;-303,125E-03;+880,469E-03
-90,000E-03;-333,398E-03;+878,516E-03
-89,000E-03;-364,648E-03;+885,352E-03
-88,000E-03;-396,875E-03;+896,094E-03
-87,000E-03;-429,102E-03;+899,023E-03
-86,000E-03;-461,328E-03;+897,070E-03
-85,000E-03;-495,508E-03;+912,695E-03
-84,000E-03;-527,734E-03;+907,812E-03
-83,000E-03;-558,984E-03;+910,742E-03
-82,000E-03;-588,281E-03;+922,461E-03
-81,000E-03;-615,625E-03;+934,180E-03
-80,000E-03;-639,063E-03;+931,250E-03
-79,000E-03;-659,570E-03;+942,969E-03
-78,000E-03;-678,125E-03;+948,828E-03
-77,000E-03;-691,797E-03;+946,875E-03
-76,000E-03;-702,539E-03;+943,945E-03
-75,000E-03;-708,398E-03;+952,734E-03
-74,000E-03;-710,352E-03;+954,687E-03
-73,000E-03;-708,398E-03;+962,500E-03
-72,000E-03;-701,563E-03;+969,336E-03
-71,000E-03;-690,820E-03;+970,312E-03
-70,000E-03;-676,172E-03;+974,219E-03
-69,000E-03;-658,594E-03;+971,289E-03
-68,000E-03;-636,133E-03;+973,242E-03
-67,000E-03;-611,719E-03;+961,523E-03
-66,000E-03;-584,375E-03;+961,523E-03
-65,000E-03;-555,078E-03;+961,523E-03
-64,000E-03;-524,805E-03;+963,477E-03
-63,000E-03;-493,555E-03;+962,500E-03
-62,000E-03;-459,375E-03;+951,758E-03
-61,000E-03;-426,172E-03;+954,687E-03
-60,000E-03;-391,992E-03;+944,922E-03
-59,000E-03;-359,766E-03;+938,086E-03
-58,000E-03;-328,516E-03;+934,180E-03
-57,000E-03;-299,219E-03;+938,086E-03
-56,000E-03;-273,828E-03;+929,297E-03
-55,000E-03;-249,414E-03;+923,437E-03
-54,000E-03;-227,930E-03;+922,461E-03
-53,000E-03;-210,352E-03;+916,602E-03
-52,000E-03;-194,727E-03;+907,812E-03
-51,000E-03;-184,961E-03;+900,977E-03
-50,000E-03;-179,102E-03;+897,070E-03
-49,000E-03;-178,125E-03;+883,398E-03
-48,000E-03;-181,055E-03;+888,281E-03
-47,000E-03;-186,914E-03;+882,422E-03
-46,000E-03;-197,656E-03;+885,352E-03
-45,000E-03;-211,328E-03;+879,492E-03
-44,000E-03;-228,906E-03;+870,703E-03
-43,000E-03;-250,391E-03;+878,516E-03
-42,000E-03;-274,805E-03;+878,516E-03
-41,000E-03;-303,125E-03;+879,492E-03
-40,000E-03;-332,422E-03;+880,469E-03
-39,000E-03;-364,648E-03;+883,398E-03
-38,000E-03;-396,875E-03;+878,516E-03
-37,000E-03;-430,078E-03;+893,164E-03
-36,000E-03;-462,305E-03;+902,930E-03
-35,000E-03;-495,508E-03;+900,000E-03
-34,000E-03;-528,711E-03;+901,953E-03
-33,000E-03;-558,008E-03;+914,648E-03
-32,000E-03;-588,281E-03;+917,578E-03
-31,000E-03;-616,602E-03;+929,297E-03
-30,000E-03;-640,039E-03;+934,180E-03
-29,000E-03;-660,547E-03;+941,992E-03
-28,000E-03;-678,125E-03;+950,781E-03
-27,000E-03;-691,797E-03;+941,992E-03
-26,000E-03;-701,563E-03;+956,641E-03
-25,000E-03;-708,398E-03;+955,664E-03
-24,000E-03;-711,328E-03;+958,594E-03
-23,000E-03;-708,398E-03;+964,453E-03
-22,000E-03;-701,563E-03;+965,430E-03
-21,000E-03;-690,820E-03;+969,336E-03
-20,000E-03;-676,172E-03;+971,289E-03
-19,000E-03;-658,594E-03;+974,219E-03
-18,000E-03;-636,133E-03;+963,477E-03
-17,000E-03;-611,719E-03;+960,547E-03
-16,000E-03;-585,352E-03;+962,500E-03
-15,000E-03;-556,055E-03;+951,758E-03
-14,000E-03;-524,805E-03;+962,500E-03
-13,000E-03;-492,578E-03;+962,500E-03
-12,000E-03;-459,375E-03;+958,594E-03
-11,000E-03;-426,172E-03;+948,828E-03
-10,000E-03;-391,992E-03;+946,875E-03
-9,000E-03;-359,766E-03;+941,992E-03
-8,000E-03;-329,492E-03;+931,250E-03
-7,000E-03;-299,219E-03;+939,062E-03
-6,000E-03;-273,828E-03;+932,227E-03
-5,000E-03;-249,414E-03;+913,672E-03
-4,000E-03;-227,930E-03;+917,578E-03
-3,000E-03;-210,352E-03;+917,578E-03
-2,000E-03;-194,727E-03;+907,812E-03
-1,000E-03;-184,961E-03;+900,000E-03
+0,0E+00;-179,102E-03;+899,023E-03
+1,000E-03;-177,148E-03;+885,352E-03
+2,000E-03;-180,078E-03;+886,328E-03
+3,000E-03;-186,914E-03;+886,328E-03
+4,000E-03;-197,656E-03;+874,609E-03
+5,000E-03;-211,328E-03;+878,516E-03
+6,000E-03;-228,906E-03;+875,586E-03
+7,000E-03;-250,391E-03;+871,680E-03
+8,000E-03;-274,805E-03;+874,609E-03
+9,000E-03;-303,125E-03;+871,680E-03
+10,000E-03;-333,398E-03;+874,609E-03
+11,000E-03;-364,648E-03;+884,375E-03
+12,000E-03;-396,875E-03;+890,234E-03
+13,000E-03;-429,102E-03;+894,141E-03
+14,000E-03;-461,328E-03;+896,094E-03
+15,000E-03;-495,508E-03;+900,977E-03
+16,000E-03;-528,711E-03;+915,625E-03
+17,000E-03;-558,984E-03;+915,625E-03
+18,000E-03;-588,281E-03;+914,648E-03
+19,000E-03;-615,625E-03;+933,203E-03
+20,000E-03;-639,063E-03;+937,109E-03
+21,000E-03;-660,547E-03;+941,992E-03
+22,000E-03;-678,125E-03;+959,570E-03
+23,000E-03;-691,797E-03;+932,227E-03
+24,000E-03;-702,539E-03;+952,734E-03
+25,000E-03;-708,398E-03;+950,781E-03
+26,000E-03;-710,352E-03;+952,734E-03
+27,000E-03;-708,398E-03;+966,406E-03
+28,000E-03;-701,563E-03;+970,312E-03
+29,000E-03;-690,820E-03;+966,406E-03
+30,000E-03;-677,148E-03;+972,266E-03
+31,000E-03;-658,594E-03;+962,500E-03
+32,000E-03;-636,133E-03;+959,570E-03
+33,000E-03;-611,719E-03;+976,172E-03
+34,000E-03;-584,375E-03;+958,594E-03
+35,000E-03;-555,078E-03;+966,406E-03
+36,000E-03;-524,805E-03;+974,219E-03
+37,000E-03;-493,555E-03;+952,734E-03
+38,000E-03;-459,375E-03;+956,641E-03
+39,000E-03;-426,172E-03;+949,805E-03
+40,000E-03;-391,992E-03;+943,945E-03
+41,000E-03;-359,766E-03;+939,062E-03
+42,000E-03;-328,516E-03;+929,297E-03
+43,000E-03;-299,219E-03;+933,203E-03
+44,000E-03;-273,828E-03;+931,250E-03
+45,000E-03;-249,414E-03;+926,367E-03
+46,000E-03;-227,930E-03;+922,461E-03
+47,000E-03;-209,375E-03;+914,648E-03
+48,000E-03;-194,727E-03;+902,930E-03
+49,000E-03;-184,961E-03;+909,766E-03
+50,000E-03;-179,102E-03;+897,070E-03
+51,000E-03;-178,125E-03;+894,141E-03
+52,000E-03;-180,078E-03;+887,305E-03
+53,000E-03;-186,914E-03;+886,328E-03
+54,000E-03;-197,656E-03;+883,398E-03
+55,000E-03;-211,328E-03;+877,539E-03
+56,000E-03;-228,906E-03;+875,586E-03
+57,000E-03;-250,391E-03;+875,586E-03
+58,000E-03;-274,805E-03;+876,562E-03
+59,000E-03;-303,125E-03;+881,445E-03
+60,000E-03;-333,398E-03;+877,539E-03
+61,000E-03;-364,648E-03;+891,211E-03
+62,000E-03;-396,875E-03;+881,445E-03
+63,000E-03;-430,078E-03;+891,211E-03
+64,000E-03;-461,328E-03;+886,328E-03
+65,000E-03;-495,508E-03;+907,812E-03
+66,000E-03;-527,734E-03;+915,625E-03
+67,000E-03;-558,984E-03;+901,953E-03
+68,000E-03;-589,258E-03;+929,297E-03
+69,000E-03;-616,602E-03;+930,273E-03
+70,000E-03;-640,039E-03;+936,133E-03
+71,000E-03;-660,547E-03;+948,828E-03
+72,000E-03;-678,125E-03;+949,805E-03
+73,000E-03;-691,797E-03;+950,781E-03
+74,000E-03;-701,563E-03;+947,852E-03
+75,000E-03;-708,398E-03;+953,711E-03
+76,000E-03;-710,352E-03;+959,570E-03
+77,000E-03;-708,398E-03;+959,570E-03
+78,000E-03;-701,563E-03;+976,172E-03
+79,000E-03;-690,820E-03;+969,336E-03
+80,000E-03;-676,172E-03;+975,195E-03
+81,000E-03;-658,594E-03;+969,336E-03
+82,000E-03;-636,133E-03;+963,477E-03
+83,000E-03;-612,695E-03;+968,359E-03
+84,000E-03;-585,352E-03;+963,477E-03
+85,000E-03;-556,055E-03;+963,477E-03
+86,000E-03;-525,781E-03;+961,523E-03
+87,000E-03;-493,555E-03;+960,547E-03
+88,000E-03;-460,352E-03;+957,617E-03
+89,000E-03;-426,172E-03;+951,758E-03
+90,000E-03;-392,969E-03;+941,992E-03
+91,000E-03;-359,766E-03;+935,156E-03
+92,000E-03;-328,516E-03;+935,156E-03
+93,000E-03;-299,219E-03;+935,156E-03
+94,000E-03;-273,828E-03;+924,414E-03
+95,000E-03;-249,414E-03;+922,461E-03
+96,000E-03;-227,930E-03;+922,461E-03
+97,000E-03;-210,352E-03;+909,766E-03
+98,000E-03;-194,727E-03;+909,766E-03
+99,000E-03;-184,961E-03;+900,977E-03
+100,000E-03;-179,102E-03;+900,977E-03
+101,000E-03;-177,148E-03;+901,953E-03
+102,000E-03;-180,078E-03;+884,375E-03
+103,000E-03;-187,891E-03;+891,211E-03
+104,000E-03;-197,656E-03;+871,680E-03
+105,000E-03;-211,328E-03;+880,469E-03
+106,000E-03;-228,906E-03;+878,516E-03
+107,000E-03;-250,391E-03;+868,750E-03
+108,000E-03;-275,781E-03;+870,703E-03
+109,000E-03;-303,125E-03;+879,492E-03
+110,000E-03;-333,398E-03;+878,516E-03
+111,000E-03;-364,648E-03;+876,562E-03
+112,000E-03;-396,875E-03;+882,422E-03
+113,000E-03;-430,078E-03;+889,258E-03
+114,000E-03;-462,305E-03;+893,164E-03
+115,000E-03;-495,508E-03;+898,047E-03
+116,000E-03;-528,711E-03;+911,719E-03
+117,000E-03;-558,984E-03;+911,719E-03
+118,000E-03;-588,281E-03;+919,531E-03
+119,000E-03;-615,625E-03;+926,367E-03
+120,000E-03;-639,063E-03;+940,039E-03
+121,000E-03;-660,547E-03;+942,969E-03
+122,000E-03;-678,125E-03;+942,969E-03
+123,000E-03;-691,797E-03;+941,016E-03
+124,000E-03;-702,539E-03;+960,547E-03
+125,000E-03;-708,398E-03;+944,922E-03
+126,000E-03;-710,352E-03;+963,477E-03
+127,000E-03;-708,398E-03;+959,570E-03
+128,000E-03;-701,563E-03;+969,336E-03
+129,000E-03;-691,797E-03;+978,125E-03
+130,000E-03;-676,172E-03;+973,242E-03
+131,000E-03;-658,594E-03;+963,477E-03
+132,000E-03;-637,109E-03;+959,570E-03
+133,000E-03;-611,719E-03;+964,453E-03
+134,000E-03;-584,375E-03;+960,547E-03
+135,000E-03;-556,055E-03;+969,336E-03
+136,000E-03;-525,781E-03;+975,195E-03
+137,000E-03;-493,555E-03;+947,852E-03
+138,000E-03;-459,375E-03;+965,430E-03
+139,000E-03;-426,172E-03;+941,016E-03
+140,000E-03;-391,992E-03;+938,086E-03
+141,000E-03;-359,766E-03;+938,086E-03
+142,000E-03;-329,492E-03;+929,297E-03
+143,000E-03;-300,195E-03;+930,273E-03
+144,000E-03;-273,828E-03;+930,273E-03
+145,000E-03;-249,414E-03;+918,555E-03
+146,000E-03;-227,930E-03;+913,672E-03
+147,000E-03;-210,352E-03;+919,531E-03
+148,000E-03;-194,727E-03;+909,766E-03
+149,000E-03;-184,961E-03;+899,023E-03
+150,000E-03;-179,102E-03;+896,094E-03
+151,000E-03;-178,125E-03;+884,375E-03
+152,000E-03;-180,078E-03;+892,187E-03
+153,000E-03;-186,914E-03;+886,328E-03
+154,000E-03;-196,680E-03;+894,141E-03
+155,000E-03;-211,328E-03;+879,492E-03
+156,000E-03;-228,906E-03;+876,562E-03
+157,000E-03;-250,391E-03;+876,562E-03
+158,000E-03;-274,805E-03;+869,727E-03
+159,000E-03;-303,125E-03;+874,609E-03
+160,000E-03;-332,422E-03;+876,562E-03
+161,000E-03;-364,648E-03;+877,539E-03
+162,000E-03;-396,875E-03;+883,398E-03
+163,000E-03;-430,078E-03;+889,258E-03
+164,000E-03;-462,305E-03;+891,211E-03
+165,000E-03;-495,508E-03;+895,117E-03
+166,000E-03;-527,734E-03;+909,766E-03
+167,000E-03;-558,984E-03;+910,742E-03
+168,000E-03;-589,258E-03;+921,484E-03
+169,000E-03;-616,602E-03;+924,414E-03
+170,000E-03;-640,039E-03;+937,109E-03
+171,000E-03;-660,547E-03;+944,922E-03
+172,000E-03;-678,125E-03;+948,828E-03
+173,000E-03;-691,797E-03;+952,734E-03
+174,000E-03;-701,563E-03;+957,617E-03
+175,000E-03;-708,398E-03;+954,687E-03
+176,000E-03;-710,352E-03;+955,664E-03
+177,000E-03;-708,398E-03;+974,219E-03
+178,000E-03;-701,563E-03;+968,359E-03
+179,000E-03;-690,820E-03;+975,195E-03
+180,000E-03;-676,172E-03;+972,266E-03
+181,000E-03;-658,594E-03;+961,523E-03
+182,000E-03;-636,133E-03;+970,312E-03
+183,000E-03;-611,719E-03;+964,453E-03
+184,000E-03;-585,352E-03;+958,594E-03
+185,000E-03;-556,055E-03;+949,805E-03
+186,000E-03;-524,805E-03;+964,453E-03
+187,000E-03;-492,578E-03;+972,266E-03
+188,000E-03;-459,375E-03;+957,617E-03
+189,000E-03;-426,172E-03;+958,594E-03
+190,000E-03;-391,992E-03;+949,805E-03
+191,000E-03;-359,766E-03;+936,133E-03
+192,000E-03;-328,516E-03;+936,133E-03
+193,000E-03;-299,219E-03;+932,227E-03
+194,000E-03;-273,828E-03;+932,227E-03
+195,000E-03;-249,414E-03;+926,367E-03
+196,000E-03;-227,930E-03;+916,602E-03
+197,000E-03;-210,352E-03;+919,531E-03
+198,000E-03;-194,727E-03;+917,578E-03
+199,000E-03;-183,984E-03;+902,930E-03
+200,000E-03;-179,102E-03;+898,047E-03
+201,000E-03;-177,148E-03;+903,906E-03
+202,000E-03;-180,078E-03;+889,258E-03
+203,000E-03;-187,891E-03;+885,352E-03
+204,000E-03;-197,656E-03;+878,516E-03
+205,000E-03;-211,328E-03;+886,328E-03
+206,000E-03;-228,906E-03;+869,727E-03
+207,000E-03;-250,391E-03;+875,586E-03
+208,000E-03;-274,805E-03;+876,562E-03
+209,000E-03;-304,102E-03;+874,609E-03
+210,000E-03;-333,398E-03;+876,562E-03
+211,000E-03;-364,648E-03;+878,516E-03
+212,000E-03;-396,875E-03;+889,258E-03
+213,000E-03;-429,102E-03;+892,187E-03
+214,000E-03;-462,305E-03;+902,930E-03
+215,000E-03;-495,508E-03;+904,883E-03
+216,000E-03;-527,734E-03;+914,648E-03
+217,000E-03;-558,984E-03;+920,508E-03
+218,000E-03;-588,281E-03;+921,484E-03
+219,000E-03;-615,625E-03;+932,227E-03
+220,000E-03;-639,063E-03;+936,133E-03
+221,000E-03;-659,570E-03;+943,945E-03
+222,000E-03;-677,148E-03;+945,898E-03
+223,000E-03;-691,797E-03;+947,852E-03
+224,000E-03;-702,539E-03;+948,828E-03
+225,000E-03;-708,398E-03;+950,781E-03
+226,000E-03;-710,352E-03;+954,687E-03
+227,000E-03;-708,398E-03;+968,359E-03
+228,000E-03;-701,563E-03;+970,312E-03
+229,000E-03;-690,820E-03;+972,266E-03
+230,000E-03;-676,172E-03;+970,312E-03
+231,000E-03;-658,594E-03;+973,242E-03
+232,000E-03;-636,133E-03;+966,406E-03
+233,000E-03;-611,719E-03;+956,641E-03
+234,000E-03;-584,375E-03;+965,430E-03
+235,000E-03;-555,078E-03;+955,664E-03
+236,000E-03;-524,805E-03;+968,359E-03
+237,000E-03;-492,578E-03;+962,500E-03
+238,000E-03;-459,375E-03;+943,945E-03
+239,000E-03;-426,172E-03;+946,875E-03
+240,000E-03;-391,992E-03;+951,758E-03
+241,000E-03;-359,766E-03;+936,133E-03
+242,000E-03;-328,516E-03;+932,227E-03
+243,000E-03;-299,219E-03;+931,250E-03
+244,000E-03;-273,828E-03;+928,320E-03
+245,000E-03;-249,414E-03;+919,531E-03
+246,000E-03;-227,930E-03;+915,625E-03
+247,000E-03;-210,352E-03;+916,602E-03
+248,000E-03;-194,727E-03;+903,906E-03
+249,000E-03;-184,961E-03;+900,000E-03
+250,000E-03;-179,102E-03;+894,141E-03
+251,000E-03;-177,148E-03;+888,281E-03
+252,000E-03;-180,078E-03;+882,422E-03
+253,000E-03;-186,914E-03;+889,258E-03
+254,000E-03;-196,680E-03;+878,516E-03
+255,000E-03;-211,328E-03;+877,539E-03
+256,000E-03;-228,906E-03;+876,562E-03
+257,000E-03;-250,391E-03;+874,609E-03
+258,000E-03;-274,805E-03;+877,539E-03
+259,000E-03;-303,125E-03;+881,445E-03
+260,000E-03;-332,422E-03;+871,680E-03
+261,000E-03;-364,648E-03;+878,516E-03
+262,000E-03;-396,875E-03;+883,398E-03
+263,000E-03;-429,102E-03;+885,352E-03
+264,000E-03;-461,328E-03;+894,141E-03
+265,000E-03;-495,508E-03;+902,930E-03
+266,000E-03;-527,734E-03;+903,906E-03
+267,000E-03;-558,008E-03;+910,742E-03
+268,000E-03;-588,281E-03;+923,437E-03
+269,000E-03;-615,625E-03;+930,273E-03
+270,000E-03;-639,063E-03;+926,367E-03
+271,000E-03;-660,547E-03;+939,062E-03
+272,000E-03;-678,125E-03;+943,945E-03
+273,000E-03;-691,797E-03;+948,828E-03
+274,000E-03;-701,563E-03;+947,852E-03
+275,000E-03;-708,398E-03;+954,687E-03
+276,000E-03;-710,352E-03;+956,641E-03
+277,000E-03;-708,398E-03;+965,430E-03
+278,000E-03;-701,563E-03;+966,406E-03
+279,000E-03;-690,820E-03;+972,266E-03
+280,000E-03;-676,172E-03;+975,195E-03
+281,000E-03;-657,617E-03;+966,406E-03
+282,000E-03;-636,133E-03;+967,383E-03
+283,000E-03;-611,719E-03;+966,406E-03
+284,000E-03;-585,352E-03;+962,500E-03
+285,000E-03;-556,055E-03;+958,594E-03
+286,000E-03;-524,805E-03;+961,523E-03
+287,000E-03;-493,555E-03;+958,594E-03
+288,000E-03;-459,375E-03;+961,523E-03
+289,000E-03;-426,172E-03;+949,805E-03
+290,000E-03;-392,969E-03;+947,852E-03
+291,000E-03;-359,766E-03;+942,969E-03
+292,000E-03;-328,516E-03;+940,039E-03
+293,000E-03;-299,219E-03;+936,133E-03
+294,000E-03;-273,828E-03;+927,344E-03
+295,000E-03;-249,414E-03;+926,367E-03
+296,000E-03;-227,930E-03;+922,461E-03
+297,000E-03;-209,375E-03;+916,602E-03
+298,000E-03;-194,727E-03;+902,930E-03
+299,000E-03;-183,984E-03;+908,789E-03
+300,000E-03;-179,102E-03;+900,000E-03
+301,000E-03;-177,148E-03;+895,117E-03
+302,000E-03;-180,078E-03;+890,234E-03
+303,000E-03;-186,914E-03;+886,328E-03
+304,000E-03;-197,656E-03;+878,516E-03
+305,000E-03;-211,328E-03;+873,633E-03
+306,000E-03;-228,906E-03;+877,539E-03
+307,000E-03;-250,391E-03;+878,516E-03
+308,000E-03;-274,805E-03;+875,586E-03
+309,000E-03;-303,125E-03;+873,633E-03
+310,000E-03;-333,398E-03;+883,398E-03
+311,000E-03;-364,648E-03;+879,492E-03
+312,000E-03;-396,875E-03;+882,422E-03
+313,000E-03;-430,078E-03;+897,070E-03
+314,000E-03;-462,305E-03;+900,000E-03
+315,000E-03;-495,508E-03;+903,906E-03
+316,000E-03;-527,734E-03;+909,766E-03
+317,000E-03;-558,984E-03;+908,789E-03
+318,000E-03;-588,281E-03;+925,391E-03
+319,000E-03;-615,625E-03;+932,227E-03
+320,000E-03;-639,063E-03;+935,156E-03
+321,000E-03;-660,547E-03;+949,805E-03
+322,000E-03;-678,125E-03;+941,016E-03
+323,000E-03;-691,797E-03;+944,922E-03
+324,000E-03;-702,539E-03;+954,687E-03
+325,000E-03;-708,398E-03;+949,805E-03
+326,000E-03;-710,352E-03;+963,477E-03
+327,000E-03;-708,398E-03;+968,359E-03
+328,000E-03;-701,563E-03;+967,383E-03
+329,000E-03;-690,820E-03;+974,219E-03
+330,000E-03;-676,172E-03;+972,266E-03
+331,000E-03;-658,594E-03;+970,312E-03
+332,000E-03;-637,109E-03;+968,359E-03
+333,000E-03;-611,719E-03;+968,359E-03
+334,000E-03;-584,375E-03;+962,500E-03
+335,000E-03;-556,055E-03;+967,383E-03
+336,000E-03;-524,805E-03;+969,336E-03
+337,000E-03;-492,578E-03;+961,523E-03
+338,000E-03;-459,375E-03;+952,734E-03
+339,000E-03;-426,172E-03;+950,781E-03
+340,000E-03;-391,992E-03;+943,945E-03
+341,000E-03;-359,766E-03;+936,133E-03
+342,000E-03;-328,516E-03;+930,273E-03
+343,000E-03;-299,219E-03;+939,062E-03
+344,000E-03;-272,852E-03;+928,320E-03
+345,000E-03;-249,414E-03;+929,297E-03
+346,000E-03;-227,930E-03;+921,484E-03
+347,000E-03;-210,352E-03;+909,766E-03
+348,000E-03;-194,727E-03;+908,789E-03
+349,000E-03;-184,961E-03;+904,883E-03
+350,000E-03;-179,102E-03;+892,187E-03
+351,000E-03;-177,148E-03;+894,141E-03
+352,000E-03;-180,078E-03;+890,234E-03
+353,000E-03;-186,914E-03;+884,375E-03
+354,000E-03;-196,680E-03;+895,117E-03
+355,000E-03;-211,328E-03;+876,562E-03
+356,000E-03;-228,906E-03;+874,609E-03
+357,000E-03;-250,391E-03;+872,656E-03
+358,000E-03;-274,805E-03;+873,633E-03
+359,000E-03;-303,125E-03;+881,445E-03
+360,000E-03;-332,422E-03;+879,492E-03
+361,000E-03;-364,648E-03;+886,328E-03
+362,000E-03;-396,875E-03;+882,422E-03
+363,000E-03;-429,102E-03;+888,281E-03
+364,000E-03;-461,328E-03;+889,258E-03
+365,000E-03;-495,508E-03;+907,812E-03
+366,000E-03;-527,734E-03;+901,953E-03
+367,000E-03;-558,984E-03;+913,672E-03
+368,000E-03;-588,281E-03;+919,531E-03
+369,000E-03;-615,625E-03;+926,367E-03
+370,000E-03;-640,039E-03;+932,227E-03
+371,000E-03;-660,547E-03;+943,945E-03
+372,000E-03;-678,125E-03;+950,781E-03
+373,000E-03;-691,797E-03;+939,062E-03
+374,000E-03;-701,563E-03;+947,852E-03
+375,000E-03;-708,398E-03;+957,617E-03
+376,000E-03;-711,328E-03;+961,523E-03
+377,000E-03;-708,398E-03;+964,453E-03
+378,000E-03;-701,563E-03;+969,336E-03
+379,000E-03;-690,820E-03;+973,242E-03
+380,000E-03;-676,172E-03;+985,937E-03
+381,000E-03;-657,617E-03;+965,430E-03
+382,000E-03;-636,133E-03;+968,359E-03
+383,000E-03;-611,719E-03;+951,758E-03
+384,000E-03;-584,375E-03;+958,594E-03
+385,000E-03;-556,055E-03;+964,453E-03
+386,000E-03;-524,805E-03;+954,687E-03
+387,000E-03;-492,578E-03;+966,406E-03
+388,000E-03;-459,375E-03;+954,687E-03
+389,000E-03;-426,172E-03;+951,758E-03
+390,000E-03;-391,992E-03;+941,016E-03
+391,000E-03;-359,766E-03;+935,156E-03
+392,000E-03;-328,516E-03;+926,367E-03
+393,000E-03;-299,219E-03;+928,320E-03
+394,000E-03;-272,852E-03;+927,344E-03
+395,000E-03;-249,414E-03;+925,391E-03
+396,000E-03;-227,930E-03;+924,414E-03
+397,000E-03;-210,352E-03;+908,789E-03
+398,000E-03;-194,727E-03;+905,859E-03
+399,000E-03;-183,984E-03;+898,047E-03
+400,000E-03;-179,102E-03;+897,070E-03
+401,000E-03;-177,148E-03;+891,211E-03
+402,000E-03;-180,078E-03;+879,492E-03
+403,000E-03;-186,914E-03;+889,258E-03
+404,000E-03;-197,656E-03;+882,422E-03
+405,000E-03;-211,328E-03;+878,516E-03
+406,000E-03;-228,906E-03;+876,562E-03
+407,000E-03;-250,391E-03;+876,562E-03
+408,000E-03;-274,805E-03;+869,727E-03
+409,000E-03;-303,125E-03;+877,539E-03
+410,000E-03;-333,398E-03;+877,539E-03
+411,000E-03;-364,648E-03;+883,398E-03
+412,000E-03;-396,875E-03;+894,141E-03
+413,000E-03;-429,102E-03;+893,164E-03
+414,000E-03;-461,328E-03;+892,187E-03
+415,000E-03;-495,508E-03;+900,977E-03
+416,000E-03;-527,734E-03;+906,836E-03
+417,000E-03;-558,008E-03;+920,508E-03
+418,000E-03;-588,281E-03;+916,602E-03
+419,000E-03;-615,625E-03;+930,273E-03
+420,000E-03;-639,063E-03;+929,297E-03
+421,000E-03;-659,570E-03;+942,969E-03
+422,000E-03;-677,148E-03;+944,922E-03
+423,000E-03;-691,797E-03;+943,945E-03
+424,000E-03;-702,539E-03;+959,570E-03
+425,000E-03;-708,398E-03;+952,734E-03
+426,000E-03;-710,352E-03;+958,594E-03
+427,000E-03;-708,398E-03;+965,430E-03
+428,000E-03;-701,563E-03;+974,219E-03
+429,000E-03;-690,820E-03;+970,312E-03
+430,000E-03;-676,172E-03;+979,102E-03
+431,000E-03;-658,594E-03;+972,266E-03
+432,000E-03;-636,133E-03;+965,430E-03
+433,000E-03;-611,719E-03;+971,289E-03
+434,000E-03;-584,375E-03;+957,617E-03
+435,000E-03;-556,055E-03;+968,359E-03
+436,000E-03;-524,805E-03;+958,594E-03
+437,000E-03;-493,555E-03;+962,500E-03
+438,000E-03;-459,375E-03;+961,523E-03
+439,000E-03;-426,172E-03;+948,828E-03
+440,000E-03;-391,992E-03;+950,781E-03
+441,000E-03;-359,766E-03;+941,016E-03
+442,000E-03;-328,516E-03;+935,156E-03
+443,000E-03;-299,219E-03;+938,086E-03
+444,000E-03;-273,828E-03;+934,180E-03
+445,000E-03;-249,414E-03;+929,297E-03
+446,000E-03;-227,930E-03;+921,484E-03
+447,000E-03;-210,352E-03;+916,602E-03
+448,000E-03;-194,727E-03;+911,719E-03
+449,000E-03;-184,961E-03;+906,836E-03
+450,000E-03;-179,102E-03;+894,141E-03
+451,000E-03;-178,125E-03;+897,070E-03
+452,000E-03;-181,055E-03;+890,234E-03
+453,000E-03;-187,891E-03;+886,328E-03
+454,000E-03;-197,656E-03;+887,305E-03
+455,000E-03;-211,328E-03;+885,352E-03
+456,000E-03;-228,906E-03;+867,773E-03
+457,000E-03;-250,391E-03;+879,492E-03
+458,000E-03;-274,805E-03;+869,727E-03
+459,000E-03;-303,125E-03;+878,516E-03
+460,000E-03;-333,398E-03;+875,586E-03
+461,000E-03;-364,648E-03;+888,281E-03
+462,000E-03;-396,875E-03;+877,539E-03
+463,000E-03;-430,078E-03;+886,328E-03
+464,000E-03;-462,305E-03;+893,164E-03
+465,000E-03;-495,508E-03;+901,953E-03
+466,000E-03;-527,734E-03;+904,883E-03
+467,000E-03;-558,984E-03;+907,812E-03
+468,000E-03;-588,281E-03;+922,461E-03
+469,000E-03;-616,602E-03;+926,367E-03
+470,000E-03;-640,039E-03;+934,180E-03
+471,000E-03;-660,547E-03;+942,969E-03
+472,000E-03;-678,125E-03;+947,852E-03
+473,000E-03;-691,797E-03;+950,781E-03
+474,000E-03;-701,563E-03;+951,758E-03
+475,000E-03;-708,398E-03;+949,805E-03
+476,000E-03;-711,328E-03;+967,383E-03
+477,000E-03;-708,398E-03;+960,547E-03
+478,000E-03;-701,563E-03;+970,312E-03
+479,000E-03;-690,820E-03;+961,523E-03
+480,000E-03;-676,172E-03;+979,102E-03
+481,000E-03;-658,594E-03;+970,312E-03
+482,000E-03;-636,133E-03;+967,383E-03
+483,000E-03;-611,719E-03;+959,570E-03
+484,000E-03;-585,352E-03;+963,477E-03
+485,000E-03;-556,055E-03;+964,453E-03
+486,000E-03;-524,805E-03;+950,781E-03
+487,000E-03;-493,555E-03;+960,547E-03
+488,000E-03;-459,375E-03;+951,758E-03
+489,000E-03;-426,172E-03;+947,852E-03
+490,000E-03;-391,992E-03;+939,062E-03
+491,000E-03;-360,742E-03;+936,133E-03
+492,000E-03;-329,492E-03;+939,062E-03
+493,000E-03;-299,219E-03;+934,180E-03
+494,000E-03;-273,828E-03;+929,297E-03
+495,000E-03;-249,414E-03;+921,484E-03
+496,000E-03;-227,930E-03;+920,508E-03
+497,000E-03;-210,352E-03;+911,719E-03
+498,000E-03;-194,727E-03;+905,859E-03
+499,000E-03;-184,961E-03;+897,070E-03
